10.8
11.2
12.8
7.9
16
8
6.5
11.8
12
6.3
7.6
13.8
15
8.9
18
11.1
11
11.8
5.5
6.9
10.7
10.9
8.5
16
13
10
5
11.1
5.8
13.4
9.6
4.8
11.7
17
16
14
8
17
13.2
14
9.4
3
17
10.6
9.6
17
15
5.5
15
10.2
4
16
9.4
11.2
15
5.2
10.4
8.4
7.5
6
11.5
5.9
17.8
10.8
18
8.6
15.6
16.8
15
11.4
7.2
8.8
15.5
14
17
9.9
10.6
9.9
9.9
9.1
15.7
8.8
15.7
13.4
7.2
5.2
13.7
14
16
8.3
5.8
15
11.8
9
13.8
12.4
13.5
13.1
16
3
13.8
8.4
12.7
10.8
14.8
8.8
18
14
6.8
12.6
11
11.8
13.8
3.1
14.9
11.5
12.8
11.4
7.8
12
11.4
6
2.8
15
9
9.1
14.6
8.4
14.8
6.4
7
10.7
11
9.7
5
5.6
10.8
15.3
6.6
10.9
14
16
10.7
12
6.9
12.2
13
11.5
9
14
12
13
10.5
14.6
14
4.8
15
9.8
16.1
14
11.5
13.9
16.4
13.8
14.8
9.9
6.9
18
11.9
10.4
6.4
11.9
13.5
17
9.4
19
10.4
9.6
16
14.9
9.8
10.8
15.6
10.6
8.5
9.2
10
5.4
8.9
10.6
1
16